genesym	logFC	AveExpr	t	P.Value	adj.P.Val	B
HNRNPK	2.4308049044	11.3474529631983	55.4396327272687	1.68905137147311e-289	1.68905137147311e-287	652.951157814278
TPT1	2.90632693330269	12.9454838371348	53.3707385915828	2.77856790617833e-278	1.38928395308916e-276	627.121033674965
DR1	-1.72011118853565	5.01069231684208	-51.1429142542125	6.03936716755456e-266	2.01312238918485e-264	598.709047439914
HOXA1	-2.03831761229915	5.57071730244837	-50.3861032985995	1.08003177534252e-261	2.7000794383563e-260	588.915802786419
BLZF1	-1.45626952004471	5.01944698733855	-50.0147564944851	1.35326407081857e-259	2.70652814163714e-258	584.08429624228
FOXE1	-1.58258419267828	5.06635014647522	-46.0025145831111	1.87772050073214e-236	3.12953416788689e-235	530.788486022196
TRIM28	3.03612601826742	10.013948892564	45.9239223694124	5.43919696198152e-236	7.77028137425931e-235	529.724743575142
RPS19	2.84957366780943	12.7592352549624	44.7573871971334	4.26185322532514e-229	5.32731653165643e-228	513.848101380111
HLA-A	2.96097822655292	12.610807024288	43.6847205343213	1.07423689116394e-222	1.19359654573771e-221	499.105919531611
ZNF157	-1.08327715495033	4.50966635753758	-42.7993240439278	2.28554450626608e-217	2.28554450626608e-216	486.83629515068
HLA-C	2.71873978067253	12.5420627654886	42.4267175857755	4.10047220513126e-215	3.72770200466478e-214	481.645940505476
MYH9	2.7925209583705	10.111157302082	42.0621148158998	6.68135456712749e-213	5.56779547260624e-212	476.55189997515
ESR2	-1.18802991831138	4.62788788133085	-41.0347253745882	1.23731874610219e-206	9.51783650847837e-206	462.118463461328
TLE4	-1.02923221704827	4.85106487101885	-40.3131030282381	3.34546693637112e-202	2.38961924026508e-201	451.912382654261
POU4F1	-1.58011463213609	5.05370468286528	-40.0132701720356	2.36021119156977e-200	1.57347412771318e-199	447.655652574985
PFDN5	2.5997359818171	11.4844194183015	38.5520868649982	2.74153455140367e-191	1.71345909462729e-190	426.780928073938
HESX1	-1.25485721985984	6.2133223769932	-38.4435187550418	1.3036936666936e-190	7.66878627466823e-190	425.221557851003
MYT1L	-1.1086980122438	5.10148772632105	-37.6962916215408	6.15098746502322e-186	3.41721525834623e-185	414.459211113073
SCAND2	-1.28133329636828	5.31154341782118	-36.7987223220906	2.70350819981001e-180	1.42289905253158e-179	401.465307488601
HNF1A	-1.01744822870201	5.45867663232144	-36.3233880575	2.70639967904545e-177	1.35319983952272e-176	394.556369277026
BNC1	-1.13858036433494	5.91632183892948	-35.3920319317104	2.15744865263221e-171	1.02735650125343e-170	380.967612928352
MEOX2	-0.7644133184738	4.40267046993011	-34.7297331476974	3.5271112362187e-167	1.60323238009941e-166	371.26601537265
SOX30	-0.701417993310061	4.63290580373283	-34.6462722696593	1.20036261364377e-166	5.21896788540771e-166	370.041339044762
MSX2	-0.727489307873216	4.71882366671759	-32.6762818569617	4.85314553802299e-154	2.02214397417625e-153	341.015743618412
RPL27	1.71611361024593	12.6899016556937	32.1765321503751	7.89707401973221e-151	3.15882960789288e-150	333.622137603683
FLNA	2.91623119263002	10.1142791996851	32.0384575849963	6.10242516031943e-150	2.34708660012286e-149	331.577670457221
ST18	-1.34229793241676	4.91196456192832	-31.7924133411669	2.33714424513407e-148	8.65608979679287e-148	327.93284767773
RREB1	-1.47815826470156	6.55295864363526	-31.7730238022187	3.11520255919974e-148	1.11257234257134e-147	327.645531789402
USP7	1.60201359869454	10.0580374338892	31.504782815225	1.66168006620772e-146	5.72993126278525e-146	323.66952753617
DLX2	-1.74680931152422	7.73813453114421	-31.3605941356049	1.4102077749798e-145	4.70069258326601e-145	321.531434710897
REXO4	1.16644931627699	7.9929882540356	31.2015161837078	1.4934956389614e-144	4.81772786761741e-144	319.171928083425
ATF4	1.63726514834037	10.9972518543495	30.6665028191884	4.19834627426775e-141	1.31198321070867e-140	311.232305835116
HLF	-1.70229600352437	6.83415760737774	-30.5836881296206	1.43595643994974e-140	4.35138315136286e-140	310.002866047759
FOXL1	-1.37470582250299	5.58977267527222	-30.5096008719942	4.31480739416297e-140	1.26906099828323e-139	308.902905241417
SUB1	2.84527874050382	10.3318665327076	29.3771488590374	8.73469643774757e-133	2.49562755364216e-132	292.084177864366
DNMT1	1.88314033306892	8.44218904866413	29.1999445770268	1.21503592935984e-131	3.37509980377732e-131	289.45237345411
DAP	1.59900040781626	9.87425102170846	28.385458431928	2.17681686866729e-126	5.88328883423593e-126	277.360630146531
SNAPC5	-0.750000435695546	5.1111362948389	-28.0927033094589	1.67762790930641e-124	4.41481028764844e-124	273.017659004121
ZBTB17	1.11491870968426	7.72047655101209	28.0169735943648	5.15978590776983e-124	1.32302202763329e-123	271.894604967291
LASS2	2.08365899531675	10.7665687024565	27.8740795524481	4.296500893231e-123	1.07412522330775e-122	269.776000954235
SIM1	-1.28720087261772	5.37126068866317	-27.5271488808953	7.35719660922408e-121	1.79443819737173e-120	264.635209291594
HIST1H2AL	-0.664470298867061	4.82980532451964	-27.0080040104075	1.60368674114529e-117	3.81830176463165e-117	256.951902922075
CEBPB	2.4084273467281	11.0437995328032	26.8164501916688	2.72591572989776e-116	6.33933890673897e-116	254.120258482743
RFX4	-0.665530345948026	5.27648771803819	-26.1088635005445	9.38579232833827e-112	2.13313462007688e-111	243.679284548762
E4F1	1.47745804254215	7.37722309681597	25.4310201780559	2.01557574744569e-107	4.47905721654598e-107	233.710857759761
HCFC1	0.932755710004681	8.89240869152326	25.0751083826767	3.73437659577364e-105	8.11820999081226e-105	228.492558480898
SOX3	-0.592873965699852	5.22791531872963	-24.9100804199616	4.18788251670852e-104	8.91038833342239e-104	226.077074033751
LOC100130354	-0.499851653452102	5.45565583091322	-24.4953696213607	1.79769140043372e-101	3.74519041757025e-101	220.019524164851
ELSPBP1	-0.799917936331599	6.5300520327373	-23.6253923587882	5.61877917531703e-96	1.14668962761572e-95	207.377455465675
ZFX	-0.63646305992902	4.57602783324237	-23.4494344700418	7.17586929607265e-95	1.43517385921453e-94	204.832551774059
ZNF175	-0.930666264247254	7.53631896314143	-23.1059313294044	1.02315506402794e-92	2.00618640005478e-92	199.877278870828
ZKSCAN5	-0.688041981396431	5.42328108613842	-22.7413014883541	1.94100717019332e-90	3.73270609652562e-90	194.636993238838
PARP1	1.16485345759439	9.82600857552052	22.6493071488556	7.26651416891282e-90	1.37104040922883e-89	193.318280009077
DMRT1	-0.829150616559569	5.09540185705453	-22.639132410913	8.40808363542932e-90	1.5570525250795e-89	193.172514269064
JUNB	2.25182196735448	9.59085900591575	22.1378311260315	1.09007179920721e-86	1.98194872583128e-86	186.012852745376
SREBF1	2.19430484076452	8.96329387771497	21.8048121012461	1.24301815665163e-84	2.21967527973506e-84	181.281833365258
KDM1	1.0925311558531	8.98818106492996	21.786825065289	1.60443868681562e-84	2.81480471371162e-84	181.026903558742
HDAC5	1.07389241313152	7.88091391888451	21.5973443174753	2.35149845243761e-83	4.05430767661656e-83	178.345265275006
ZNF80	-0.317703477636136	4.35234591359589	-21.0642568376736	4.314097239955e-80	7.31202922026271e-80	170.840222797209
IRF7	1.99367314224707	8.53734149754876	20.6634840255614	1.17730660000493e-77	1.96217766667488e-77	165.238783986648
CSRNP3	-0.957598201953017	5.56922673810478	-19.9845850704971	1.44567255822719e-73	2.3699550134872e-73	155.837067528957
PTH	-0.306054550596628	4.46491784618854	-19.9050049120193	4.3265539236345e-73	6.97831278005564e-73	154.742594060579
IRF9	1.53596756250131	10.0202367733133	19.8133978516824	1.52503643881753e-72	2.42069276002783e-72	153.484768711194
SUPT6H	1.12502890361278	7.98906255738375	19.5244049808819	7.99850083706228e-71	1.24976575579098e-70	149.53144247128
ALS2CR8	-0.527441192587596	4.6677201732985	-18.9764600705261	1.36814327610433e-67	2.10483580939128e-67	142.09992513684
TAF10	0.894586680550708	10.4008526256929	18.7486817718008	2.94424820794992e-66	4.46098213325746e-66	139.036639432042
KDM4C	-0.591676835745116	5.5706381622213	-18.7123596765991	4.79606538277357e-66	7.15830654145309e-66	138.549621675108
HIST1H3G	0.769754782016095	6.79978196273974	18.5717769756339	3.15803653814075e-65	4.64417137961876e-65	136.668502556751
ACP5	1.78955824856261	8.74642504704564	17.7727944281232	1.25679425103239e-60	1.82144094352521e-60	126.098855816011
CREB3L2	1.60138775025227	9.75924221641164	17.7114676843347	2.8087049949359e-60	4.01243570705129e-60	125.296473007493
PDCD11	0.747068601562999	8.25015227051074	17.5657595295534	1.88800294218706e-59	2.6591590735029e-59	123.395369734119
NCOA1	1.0141109255165	9.61650660040879	17.5557644896478	2.15103406030797e-59	2.98754730598329e-59	123.265237097707
ZNF135	-0.951540050774302	6.03482183977744	-17.2701983305924	8.80000416553435e-58	1.20548002267594e-57	119.562481551254
SATB2	-0.334382341012224	4.41723831927847	-16.957216367028	4.96797820073028e-56	6.71348405504092e-56	115.538885453043
ZNF33B	-0.689389303060511	7.03226644577265	-16.6821266017423	1.66918890046589e-54	2.22558520062119e-54	112.033368019271
CREB3	0.924504275253806	9.10739267886635	16.0836388988947	3.14952775545499e-51	4.14411546770394e-51	104.511360185732
IRX4	-1.06508695645859	7.4013511509707	-15.7903597406754	1.20225748276269e-49	1.56137335423726e-49	100.879959497436
DAXX	-0.590441830137918	7.59428687375659	-15.47467500967	5.81537676721658e-48	7.45561124002126e-48	97.0130645013259
CSDA	1.44984286625695	9.69053763140749	15.1400371706901	3.38240524003723e-46	4.2815256203003e-46	92.9630666121458
MYST2	-0.742031459648148	8.87539300278373	-15.024379306344	1.36128451261269e-45	1.70160564076586e-45	91.5753538160451
NOLC1	0.776627274447244	7.53688436358456	14.8735278046574	8.29100191458322e-45	1.02358048328188e-44	89.7748656055575
TAF9B	-0.735185647729391	6.47273966950916	-14.5331377044299	4.69737255637563e-43	5.72850311753126e-43	85.7524246628323
HIST1H2BD	1.80451858743367	9.89291500290761	14.3544363560307	3.82370039966482e-42	4.6068679514034e-42	83.6635260537521
TFCP2	0.642962234951124	8.45127432952446	14.2931371009794	7.82111586358669e-42	9.31085221855559e-42	82.9506697891268
C2orf3	-0.783445309633773	6.59250761863688	-14.0275866661581	1.69863235997547e-40	1.99839101173584e-40	79.8846787237301
MYB	-0.259862868120468	4.65297683642954	-13.9656341129386	3.46523221225933e-40	4.02933978169689e-40	79.1746229529922
PITX1	1.65739346008956	7.23087877067067	13.67573635008	9.48629260993767e-39	1.09037846091238e-38	75.8788516283403
POU2F3	-0.445640291787024	4.74431925897883	-13.0265367791587	1.33349989282075e-35	1.5153407872963e-35	68.6635773858305
NCOR1	0.747533418573394	8.30400573882363	12.9708959823855	2.45521625009456e-35	2.75866994392647e-35	68.0561304477082
NOTCH1	0.847535341413387	6.98219537039865	12.9516373987336	3.03158312844412e-35	3.36842569827124e-35	67.8462901267918
SPG7	0.845774598942493	9.38153932611405	12.8727647797971	7.17428959029982e-35	7.88383471461519e-35	66.9891156682813
H2AFJ	-0.973960971215764	5.28850579714974	-12.6009390209683	1.35915616782701e-33	1.47734366068153e-33	64.0625487381643
ZNF639	-0.225685097598897	5.96366382657954	-11.3978265476673	3.61060343727309e-28	3.88236928739042e-28	51.645589874325
RBM9	0.57119304125801	9.28573880535645	11.0187767281859	1.53106332114294e-26	1.62879076717334e-26	47.923825741872
FUT1	-0.463532917200808	6.78424331071339	-10.4972859396512	2.27353027381122e-24	2.39318976190655e-24	42.9605406717517
FOXO3	0.830731223084248	9.98923402267527	10.0553863637361	1.36158767226439e-22	1.41832049194208e-22	38.9017518896557
PDLIM1	0.90361686292405	10.4418461956133	9.77663645793072	1.67754163025541e-21	1.72942436108805e-21	36.4128229974124
FOXK2	0.510511516429686	8.78299373604596	8.41205415189304	1.61359906356833e-16	1.64652965670238e-16	25.0617303016239
TRIB1	0.694470021927739	9.85260551472596	6.51125493719776	1.2504608161628e-10	1.26309173349778e-10	11.7204992021813
ZKSCAN4	0.163956111688589	6.87016248417639	5.40710431223173	8.25270185810394e-08	8.25270185810394e-08	5.39141273300051
