genesym	logFC	AveExpr	t	P.Value	adj.P.Val	B
HNRNPK	2.4308049044	11.3474529631983	55.447585445621	5.56578506152177e-290	5.56578506152177e-288	654.058749082446
TPT1	2.90632693330269	12.9454838371348	53.4053995021892	6.94367930831094e-279	3.47183965415547e-277	628.505291548352
DR1	-1.72011118853565	5.01069231684208	-51.0988994640423	4.42212492167724e-266	1.47404164055908e-264	599.018178914359
HOXA1	-2.03831761229915	5.57071730244837	-50.380679353093	4.91735677450743e-262	1.22933919362686e-260	589.700157429925
BLZF1	-1.45626952004471	5.01944698733855	-49.9310346902019	1.73411568848722e-259	3.46823137697444e-258	583.833707415424
SMAD4	-1.45877289128535	4.85281914961179	-48.5152103100884	2.14617763566557e-251	3.57696272610928e-250	565.196754494048
HOXD1	-1.65042685414125	4.88848508961329	-48.4257224106699	7.02754701049232e-251	1.00393528721319e-249	564.010409563886
TBR1	-1.91985668146432	5.37054013210823	-48.0874586105152	6.27945769457113e-249	7.84932211821391e-248	559.517053871491
EDF1	3.42096025058712	9.88307079702695	48.0322731147769	1.30863532547077e-248	1.45403925052307e-247	558.782646900831
DNPEP	-2.25829087029252	5.67548220000303	-47.4950103511553	1.6982825561669e-245	1.6982825561669e-244	551.613085736657
SP2	-1.65934535925801	4.70950381016514	-46.3677776313545	6.48566856376776e-239	5.89606233069796e-238	536.455154824108
FOXE1	-1.58258419267828	5.06635014647522	-45.9678762412988	1.45613097867065e-236	1.21344248222554e-235	531.040355604766
CREB5	-1.8316516281006	5.44115636583972	-45.8836966665696	4.56262140394963e-236	3.50970877226894e-235	529.898061972632
ELK4	-1.79048417227289	4.93334273113241	-44.9040283365461	2.87772867579816e-230	2.05552048271297e-229	516.541392839285
RPS19	2.84957366780943	12.7592352549624	44.797673059335	1.23510175285103e-229	8.23401168567356e-229	515.084436679322
ZFP37	-1.29935184999265	5.64641157074708	-44.0088590335599	6.34081955548783e-225	3.96301222217989e-224	504.236647485193
ZNF192	-1.89307106912594	5.37967782320915	-43.9968835053458	7.48003324379686e-225	4.40001955517463e-224	504.071394527747
NANOG	-2.19398872284057	6.46782663566531	-43.5105108365268	6.22922881627572e-222	3.46068267570873e-221	497.345672372528
IKZF3	-1.76686059862317	5.35883273518541	-42.1644785854542	8.6836598420232e-214	4.57034728527537e-213	478.590322572724
ZSCAN12	-1.71349255520276	5.08960564802928	-40.6624967089253	1.34991950832496e-204	6.7495975416248e-204	457.423451390255
MECOM	-1.90295252751181	6.04124263975826	-40.477170218347	1.86969803109417e-203	8.90332395759127e-203	454.794866987749
SLC26A3	-0.996003179300923	5.00560962759702	-40.3932041978924	6.1581915198359e-203	2.79917796356177e-202	453.60274215407
UBE2I	2.40327227370738	10.4300512593741	39.9722722638543	2.45174044350019e-200	1.06597410586965e-199	447.615401723686
NR2C1	-1.73988778895675	7.01811659855977	-39.6049347252521	4.62309261556485e-198	1.92628858981869e-197	442.37550341764
NHLH2	-1.67054798448681	5.51638044313278	-38.8223235495387	3.40730666683673e-193	1.36292266673469e-192	431.166853981719
PFDN5	2.5997359818171	11.4844194183015	38.5896490597382	9.65078756551392e-192	3.71184137135151e-191	427.82292793521
SBNO1	-1.41183675275156	6.15728543157043	-38.4212410528029	1.0889866700275e-190	4.03328396306481e-190	425.399398138525
AGTR2	-1.62090045847694	5.19589202590194	-37.7232119943742	2.57992607503773e-186	9.21402169656332e-186	415.326014080938
FEV	-1.87228047030426	6.65522862572679	-37.0815966420304	2.81507081426817e-182	9.70714073885576e-182	406.028108995617
ISL1	-1.77825241404253	5.24540188313793	-36.9615181693675	1.61030017540835e-181	5.36766725136115e-181	404.28404454875
MYEF2	-0.772084109816685	4.54289941169153	-36.9402264399021	2.19413850142689e-181	7.07786613363512e-181	403.974668065971
ANKRD1	-1.33988705112958	5.51802228220201	-36.7196092609919	5.42500833621524e-180	1.69531510506726e-179	400.76678479991
NR4A3	-1.81455989766738	7.70976566309912	-36.4640067699075	2.24208481617109e-178	6.79419641263967e-178	397.045173466649
FOXF1	-1.54879725863676	5.45029813098772	-36.3772431224719	7.93981872181858e-178	2.33524080053488e-177	395.780676869273
REL	-1.91406642608569	6.18842992202482	-36.3425952248865	1.31577991322055e-177	3.75937118063015e-177	395.275548614495
MTOR	-1.42149050449434	6.92147067007364	-35.9803930141672	2.59977124091669e-175	7.22158678032413e-175	389.989373529511
NR0B1	-0.867164315491277	5.24023479748031	-35.7977429178101	3.75238830043195e-174	1.01415900011674e-173	387.319835908512
ZNF643	-1.26269471812384	4.74119054003825	-35.4307654987061	8.07216286523319e-172	2.12425338558768e-171	381.948716670028
SCAND1	2.47954173521894	9.24797225327733	35.420852013974	9.3339262623292e-172	2.39331442623826e-171	381.803485426615
BNC1	-1.13858036433494	5.91632183892948	-35.3535567654346	2.50213770808417e-171	6.25534427021042e-171	380.817432557872
BUD31	2.16932144655306	9.28938716988583	35.3106146337405	4.69522017967043e-171	1.14517565357815e-170	380.18804814305
MEOX2	-0.7644133184738	4.40267046993011	-34.5874556882994	1.91957832785996e-166	4.57042459014277e-166	369.569957108943
SNAPC3	-1.13027999080041	5.25732227185131	-34.4623411473717	1.20945043660956e-165	2.81267543397572e-165	367.729407697734
IL1RL1	-1.61275666343186	5.84527285390997	-34.2653932953004	2.19683409766912e-164	4.99280476742983e-164	364.83014028432
SHOX	-1.52129828265891	6.57565314662993	-34.1078953463133	2.23627077452706e-163	4.96949061006013e-163	362.509913542788
NR5A2	-1.19580278520458	5.56515689384955	-34.0638230763147	4.28183811299602e-163	9.30834372390439e-163	361.860385516462
SP4	-1.51994909814653	6.16921303564514	-33.7283106378991	6.037413994887e-161	1.28455616912489e-160	356.911999507636
ZNF132	-1.54301931657417	5.45588749576111	-33.4823181145589	2.28226808588848e-159	4.75472517893434e-159	353.279955099307
RUNX2	-1.2196380366417	7.29541385821957	-33.3114788734975	2.84943475057827e-158	5.81517296036381e-158	350.755663178253
PML	-1.70979059051933	6.12429210941442	-33.295476735705	3.60984788482364e-158	7.21969576964727e-158	350.519141991268
RFXANK	2.48407062880506	8.25966062440552	33.048419647167	1.39394779615752e-156	2.73323097285788e-156	346.865885974745
ZNF287	-1.57393308584114	6.52596601403376	-32.692490773959	2.70686206721259e-154	5.20550397540882e-154	341.597695834593
PER2	-1.22879028074316	6.36181772298153	-32.3355412835997	5.36617452674847e-152	1.01248575976386e-151	336.30891966458
ZIC3	-1.49321699023096	5.85984952172105	-32.2495022006905	1.92183582551616e-151	3.55895523243733e-151	335.033355816983
TBX19	-1.5656674807394	7.06111098117019	-32.2403614437741	2.20082632519683e-151	4.00150240944878e-151	334.897823978498
RPL27	1.71611361024593	12.6899016556937	32.196152907049	4.23957927177844e-151	7.57067727103294e-151	334.242291218239
ST18	-1.34229793241676	4.91196456192832	-31.7933879722734	1.67049577040854e-148	2.93069433405006e-148	328.26684235576
RREB1	-1.47815826470156	6.55295864363526	-31.7826872833159	1.95810536367382e-148	3.3760437304721e-148	328.108012697516
ERCC6	-1.07824236016108	6.15347499884725	-30.8650116066427	1.6350797129991e-142	2.7713215474561e-142	314.475462703447
POU4F2	-1.13491323498324	5.18132410388748	-30.3251394535184	5.02186091932514e-139	8.36976819887523e-139	306.447503243468
PSMD9	-1.40821577789211	7.01293575852675	-29.8100241618168	1.07043160688495e-135	1.75480591292615e-135	298.784966114777
PRDM5	-1.06812815442938	6.51233896909322	-29.7442950477643	2.8467140192115e-135	4.59147422453467e-135	297.807144279162
EN2	-1.17784109905605	6.39807669173872	-29.6423976912976	1.29680960240373e-134	2.05842794032338e-134	296.291262295057
NEUROD2	-1.44324768066924	6.77292812359349	-29.5257373520617	7.35893784637011e-134	1.14983403849533e-133	294.555775656101
SUB1	2.84527874050382	10.3318665327076	29.4149982104814	3.82362088437837e-133	5.88249366827442e-133	292.908416280928
NR1I2	-1.02066215575062	6.25869499484273	-29.1371234101527	2.38857862243056e-131	3.61905851883419e-131	288.775075063215
NR1H4	-1.2077357954346	5.78870983172255	-28.5248299690456	2.15551653840205e-127	3.21718886328664e-127	279.670620924345
C21orf66	-1.23726151476286	6.29827284246393	-28.4455866489141	7.00262498869157e-127	1.02979779245464e-126	278.492812819187
KDM5D	-1.18209570351602	6.45862679589345	-28.386603756663	1.68306718694876e-126	2.43922780717212e-126	277.616231978038
RORB	-0.851867565109753	5.38234128220197	-28.2562502026629	1.16853807683711e-125	1.6693401097673e-125	275.67927014513
VDR	-1.07834073936172	8.06182887808257	-28.0406581512002	2.8777303776709e-124	4.05314137700127e-124	272.476734938637
IAPP	-0.902729140429959	5.66154177401695	-27.7434215589021	2.37894496236582e-122	3.30409022550809e-122	268.063790124682
NR2E1	-1.25670055097131	6.26366266833621	-27.430131462529	2.48765922469262e-120	3.40775236259263e-120	263.41603413581
OLIG2	-0.63890399771155	6.2459420371518	-27.2812688488661	2.2631827068532e-119	3.05835500926109e-119	261.209060010748
CSNK2B	1.2345882981864	10.6767556038993	27.259682772718	3.11698967548891e-119	4.15598623398522e-119	260.889117717194
ATF7	-0.997785145505815	5.85488387062416	-26.2459226077029	1.02420952415495e-112	1.3476441107302e-112	245.891872469515
TFDP3	-0.943244254607652	6.21066596015298	-25.7796318939297	9.9587415517898e-110	1.293343058674e-109	239.016298218264
HIST1H3E	-1.44923312513716	6.73465396416638	-25.0471229185423	4.74588693847332e-105	6.08447043394015e-105	228.251702918248
CLOCK	-0.722644733607268	6.17547614414048	-24.6786553271602	1.04998768030036e-102	1.32909832949412e-102	222.856379437339
ZIM2	-1.32798479185667	7.26463537834352	-24.3864014930864	7.52612652737642e-101	9.40765815922052e-101	218.587476929424
ARNTL	-0.954845550053124	8.56652048499755	-24.0201660251228	1.56881586438796e-98	1.93680970912094e-98	213.252112567471
MYF6	-0.95512861826766	5.41868413453322	-23.9560873746246	3.98643436083753e-98	4.86150531809455e-98	212.320319646174
TCF20	-1.22531195518067	6.96775670328963	-23.6558742665675	3.1262848690643e-96	3.76660827598108e-96	207.961973488191
ZNF215	-0.897802691830415	6.60689891871411	-22.7928540819986	8.1321743778228e-91	9.68115997359857e-91	195.504898983867
NHLH1	-0.760652199704736	7.80413054334291	-22.4907729700025	6.21968530430097e-89	7.31727682858938e-89	191.172346420485
CCRN4L	-0.802583819428071	6.83656946796678	-22.2015407314694	3.89828990751744e-87	4.51156107943692e-87	187.038862209921
LHX3	-0.97025427596509	8.30583416294768	-22.2010615555841	3.92505813911012e-87	4.51156107943692e-87	187.032026636721
PHOX2B	-0.861620748637794	6.32899067912265	-21.9578005770935	1.25966539243763e-85	1.43143794595185e-85	183.56732712102
KDM1	1.0925311558531	8.98818106492996	21.797330045291	1.23409107728907e-84	1.38661918796525e-84	181.287924900121
PHB	2.39472137052014	8.65467632391408	21.5180241631205	6.47433281207061e-83	7.19370312452289e-83	177.332625189214
HIST1H3J	-0.811337947628634	7.0644878467354	-20.9593230253178	1.70025626275282e-79	1.86841347555255e-79	169.469524520249
HMG20B	1.67078638771321	8.20583761765791	20.6895926251026	7.42492723388461e-78	8.07057308030936e-78	165.698074963442
NR1H2	1.15003513882131	7.67764646301548	20.5353941267256	6.38376580725268e-77	6.86426430887385e-77	163.54963437537
MAZ	1.26181627492265	9.06448515086435	20.5253360202266	7.34413875544181e-77	7.81291356961894e-77	163.409691833882
SSRP1	1.47760878593032	8.36658932146976	20.0912506418827	3.03765976072325e-74	3.19753659023499e-74	157.3937301725
IL10	-0.495312377655059	5.45881950436249	-17.9562644873833	1.05762438081437e-61	1.1016920633483e-61	128.567764914157
TAF12	1.18380223717186	7.39066065651198	17.5996201005795	1.14529259086619e-59	1.18071401120226e-59	123.893268156337
MED28	1.38052261646796	7.62517872673399	17.5324188409692	2.7550585406104e-59	2.81128422511266e-59	123.017485837863
YLPM1	-0.780002609050528	7.90310312356473	-16.3509535105964	1.05504581964004e-52	1.06570284812126e-52	107.897314504566
ZIC1	-0.319545612927303	6.3600081957671	-2.28228182643633	0.0227095777485987	0.0227095777485987	-6.40463282730165
