genesym	logFC	AveExpr	t	P.Value	adj.P.Val	B
UBC	2.61775648221547	13.3258593193268	55.2589155668912	5.16980696177813e-289	5.16980696177813e-287	651.831222472252
DR1	-1.72011118853565	5.01069231684208	-51.100795355468	3.91984618738996e-266	1.95992309369498e-264	599.140577478312
BLZF1	-1.45626952004471	5.01944698733855	-49.9306354724827	1.5897286867142e-259	5.29909562238066e-258	583.922530374361
TCEB2	3.71897079142898	10.8447739869099	48.7445060538867	9.44911469481769e-253	2.36227867370442e-251	568.32214524449
SMAD4	-1.45877289128535	4.85281914961179	-48.5153414057455	1.96308717966159e-251	3.92617435932318e-250	565.287888946423
EDF1	3.42096025058712	9.88307079702695	48.0391213813785	1.09635968696786e-248	1.82726614494644e-247	558.961640144598
TSFM	-1.96351571322496	6.02327016829124	-47.9913221398676	2.07181509694862e-248	2.95973585278374e-247	558.325108357655
SP2	-1.65934535925801	4.70950381016514	-46.3702232942849	5.79062002974296e-239	7.23827503717871e-238	536.570589148159
FOXE1	-1.58258419267828	5.06635014647522	-45.9698563118649	1.30989633602438e-236	1.45544037336042e-235	531.148288234864
CREB5	-1.8316516281006	5.44115636583972	-45.8871992911229	4.02148356400574e-236	4.02148356400574e-235	530.026413483497
EZH1	-1.06898561811525	4.86118826358469	-45.7488603813274	2.63334582680467e-235	2.39395075164061e-234	528.146937190035
RPS14	2.80633226884533	12.7529382071407	45.30418124718	1.1237301090819e-232	9.36441757568246e-232	522.089868810085
ELK4	-1.79048417227289	4.93334273113241	-44.9074461938392	2.54653860020153e-230	1.95887584630887e-229	516.665812019114
PAWR	-1.47597054960303	4.96071961548803	-44.0869499274762	2.00812814983426e-225	1.43437724988162e-224	505.388793254261
ZFP37	-1.29935184999265	5.64641157074708	-44.008699646396	5.91022650142991e-225	3.94015100095327e-224	504.309160341007
ZNF192	-1.89307106912594	5.37967782320915	-44.0008337378508	6.58790891617329e-225	4.1174430726083e-224	504.200593287305
SMARCB1	-1.4686907733549	5.21501364016804	-43.6286462997325	1.12981282846672e-222	6.64595781451013e-222	499.055309126272
NANOG	-2.19398872284057	6.46782663566531	-43.5154007536153	5.42271464859321e-222	3.01261924921845e-221	497.486550662132
RPL6	2.28305244807229	12.0188780180433	42.7205075863796	3.41871291240445e-217	1.79932258547603e-216	486.433500480824
NDUFA13	3.13403626609037	10.7735415012607	42.4768675693573	1.02628214141985e-215	5.13141070709923e-215	483.031222158885
IKZF3	-1.76686059862317	5.35883273518541	-42.1680738514285	7.7257010096653e-214	3.67890524269776e-213	478.709495491844
UBA52	2.68072591368572	11.8438624054024	40.8843855166439	5.4781653351053e-206	2.49007515232059e-205	460.630561030492
ZNF235	-1.65880774108208	5.61819890084354	-40.8229030938809	1.30796909293823e-205	5.68682214320971e-205	459.760180929504
ZSCAN12	-1.71349255520276	5.08960564802928	-40.6660036053054	1.20761526987121e-204	5.03173029113005e-204	457.537198737773
ELL2	-1.50714165884142	5.83487756807848	-40.6145634836456	2.5041687087176e-204	1.00166748348704e-203	456.80781679679
PAX4	-1.16858953510959	4.79744449755061	-40.5441095867401	6.80253127136448e-204	2.61635818129403e-203	455.808380223227
MECOM	-1.90295252751181	6.04124263975826	-40.4813507651925	1.65754897224986e-203	6.13907026759207e-203	454.917663005279
SLC26A3	-0.996003179300923	5.00560962759702	-40.3899660606274	6.06752451536884e-203	2.16697304120316e-202	453.619927285052
ZNF391	-1.97598294453672	4.95554183354503	-39.9217285466529	4.74726767091567e-200	1.63698885203989e-199	446.956943159304
ZNF334	-1.40168205444073	4.56061856644184	-39.7111278243933	9.57266996038054e-199	3.19088998679351e-198	443.952757867717
NR2C1	-1.73988778895675	7.01811659855977	-39.6086246843819	4.13723107727358e-198	1.33459067008825e-197	442.48893702406
SOHLH2	-1.80799785523321	5.56157548264251	-39.5147043817044	1.5833062291549e-197	4.94783196610906e-197	441.146754821011
PADI4	-1.36551306117873	5.10079969630312	-39.4709107296671	2.96124000687334e-197	8.97345456628284e-197	440.520612060912
ZNF717	-2.00281483200546	5.85227441409734	-39.1825455759224	1.8364222819621e-195	5.40124200577088e-195	436.392915169664
NHLH2	-1.67054798448681	5.51638044313278	-38.8258096693053	3.0648170089793e-193	8.75662002565513e-193	431.275218046528
SIRT4	-1.08284510994569	5.32182941452635	-38.8201085915012	3.32633142675048e-193	9.23980951875132e-193	431.193330458652
PFDN5	2.5997359818171	11.4844194183015	38.595013247561	8.45484149143649e-192	2.28509229498283e-191	427.957669524375
RQCD1	-1.30672059016078	6.00285068579427	-38.0318049855624	2.83163283469397e-188	7.45166535445782e-188	419.840766689776
FEV	-1.87228047030426	6.65522862572679	-37.0857699549808	2.51910964024028e-182	6.45925548779559e-182	406.141693321089
ZNF695	-1.72694430117112	5.40676169769243	-37.0829611404252	2.62398517645186e-182	6.55996294112966e-182	406.100903591145
TFIP11	-1.48851558538558	6.85957418488597	-36.9831128957773	1.11908469565033e-181	2.72947486743982e-181	404.650466965771
ISL1	-1.77825241404253	5.24540188313793	-36.9654517434626	1.44649951681859e-181	3.4440464686157e-181	404.393825843614
ZBTB39	-1.32829334461076	6.32708878585627	-36.8959097218165	3.9745961939231e-181	9.24324696261185e-181	403.383027834704
NR4A3	-1.81455989766738	7.70976566309912	-36.4680457149424	2.01364412304915e-178	4.57646391602079e-178	397.155160723358
FOXF1	-1.54879725863676	5.45029813098772	-36.3804447704613	7.22012608368898e-178	1.604472463042e-177	395.878225457845
REL	-1.91406642608569	6.18842992202482	-36.3468629623071	1.1781679848976e-177	2.56123474977739e-177	395.388549539603
ELAVL2	-1.9795937004088	5.15366986674835	-36.2540148338475	4.56443880070888e-177	9.71157191640188e-177	394.034210054567
BNC1	-1.13858036433494	5.91632183892948	-35.3544243207066	2.36117321816042e-171	4.91911087116755e-171	380.877991330239
BUD31	2.16932144655306	9.28938716988583	35.3152805389888	4.19123096418458e-171	8.55353257996854e-171	380.304170814243
SSX3	-1.6330758816485	6.55655883148892	-34.8601164672954	3.33907399797827e-168	6.67814799595654e-168	373.623950889294
WHSC1L1	-1.61917256049035	6.83505381533189	-34.6532771422262	6.98347201349807e-167	1.3693082379408e-166	370.583654798552
MEOX2	-0.7644133184738	4.40267046993011	-34.5825414449734	1.97661499199106e-166	3.80118267690588e-166	369.543283806333
ZC3H13	-1.81956179207207	6.69852537809279	-34.4790718105816	9.05993350844514e-166	1.70942141668776e-165	368.020891169445
SNAPC3	-1.13027999080041	5.25732227185131	-34.463369729643	1.14154244344258e-165	2.11396748785663e-165	367.789800648562
ING2	-1.84645693763512	5.85850897266029	-34.3264769565632	8.56624213560109e-165	1.55749857010929e-164	365.774472341923
SHOX	-1.52129828265891	6.57565314662993	-34.1111544234979	2.04450119375654e-163	3.65089498885096e-163	362.602188137079
NR5A2	-1.19580278520458	5.56515689384955	-34.0654592332518	4.00992333626852e-163	7.03495322152372e-163	361.928617958425
ZBTB44	-2.07678594431783	7.07163371422815	-33.7173623393117	6.81468532863626e-161	1.1749457463166e-160	356.793546403894
TH1L	2.44918679483481	9.67545965727941	33.7102104540796	7.57356462405203e-161	1.28365502102577e-160	356.687971553372
ZNF132	-1.54301931657417	5.45588749576111	-33.485681340793	2.08685829776686e-159	3.47809716294477e-159	353.372107104233
RUNX2	-1.2196380366417	7.29541385821957	-33.3134145595936	2.66225408701598e-158	4.36435096232128e-158	350.82626113043
PML	-1.70979059051933	6.12429210941442	-33.2992908004782	3.28048053154803e-158	5.29109763152908e-158	350.617465915202
EYA4	-1.1481077947392	5.40167250394223	-33.0585662143295	1.15420861027253e-156	1.83207715916275e-156	347.057257412601
RFXANK	2.48407062880506	8.25966062440552	33.0532340095679	1.24896667145239e-156	1.95151042414436e-156	346.978364779549
ZNF287	-1.57393308584114	6.52596601403376	-32.6959729708321	2.47595122753615e-154	3.809155734671e-154	341.689531854679
ZIC3	-1.49321699023096	5.85984952172105	-32.2527634887112	1.76572943194816e-151	2.67534762416388e-151	335.120759777664
TBX19	-1.5656674807394	7.06111098117019	-32.2438322459029	2.01583303491019e-151	3.00870602225402e-151	334.988311152732
PRDM13	-1.31368642870924	5.22644384503106	-32.1740664473052	5.67406738856288e-151	8.34421674788659e-151	333.953595848748
PREB	1.67628195397173	8.90897136816711	32.0873124733209	2.05534046840032e-150	2.97875430202945e-150	332.666677359886
ST18	-1.34229793241676	4.91196456192832	-31.7961403964166	1.54830940514675e-148	2.21187057878107e-148	328.345503592247
ZNF770	-1.0849282283258	5.51723458359871	-31.7421351545427	3.45242885185094e-148	4.86257584767739e-148	327.543729542139
RPS27A	1.54468854088078	11.9894513716263	31.3303170621205	1.56705511728732e-145	2.17646544067683e-145	321.426998906133
ERCC6	-1.07824236016108	6.15347499884725	-30.8664563749873	1.54902597014332e-142	2.12195338375798e-142	314.532269230798
HSBP1	2.36817186650669	10.0921957551731	30.7340341395778	1.11023067091786e-141	1.50031171745657e-141	312.563190934675
CHD2	-1.18801492392443	6.8311389424182	-30.5967436126469	8.55756478385647e-141	1.14100863784753e-140	310.521423882095
POU4F2	-1.13491323498324	5.18132410388748	-30.3270509708745	4.73133224299472e-139	6.22543716183515e-139	306.509855616072
NEDD8	1.35126448287296	10.2788490156396	29.8660119793642	4.51567923846262e-136	5.8645184915099e-136	299.650603520726
PSMD9	-1.40821577789211	7.01293575852675	-29.8131228628212	9.92163591553552e-136	1.27200460455584e-135	298.863666607248
EN2	-1.17784109905605	6.39807669173872	-29.644633868707	1.21804364025112e-134	1.54182739272294e-134	296.356704030423
NEUROD2	-1.44324768066924	6.77292812359349	-29.5289409555346	6.81519746634151e-134	8.51899683292689e-134	294.635316367625
SUB1	2.84527874050382	10.3318665327076	29.4196007642584	3.46911785195245e-133	4.28286154562031e-133	293.008490995725
ZNF280A	-1.04599444957071	6.77788640991001	-29.2289189864776	5.92472170427205e-132	7.22527037106348e-132	290.171582242252
NR1I2	-1.02066215575062	6.25869499484273	-29.1385072980612	2.27507004222324e-131	2.74104824364246e-131	288.82656444133
NEUROD6	-1.03120922329066	6.54887323931735	-28.9748553220704	2.5976703491508e-130	3.09246470137e-130	286.392201348221
PCBD1	2.16288658274168	8.69057705677317	28.5460183070502	1.53164644712937e-127	1.80193699662279e-127	280.015019271526
NR1H4	-1.2077357954346	5.78870983172255	-28.527313413785	2.02289353287471e-127	2.35220178241245e-127	279.736938595995
RORB	-0.851867565109753	5.38234128220197	-28.2563519052184	1.1369313598413e-125	1.30681765499e-125	275.709529702327
VDR	-1.07834073936172	8.06182887808257	-28.0425887235357	2.72625417436126e-124	3.0980161072287e-124	272.533643369716
ZNF780B	-0.520861244857563	4.42011531353053	-27.7346358364613	2.64443158582945e-122	2.97127144475219e-122	267.960905851209
NR2E1	-1.25670055097131	6.26366266833621	-27.4328632618305	2.33236086043842e-120	2.5915120671538e-120	263.483344374734
OLIG2	-0.63890399771155	6.2459420371518	-27.2783325317141	2.30884207600149e-119	2.53718909450713e-119	261.191979927839
AES	2.10445273074994	9.0788819521924	25.8423519925132	3.87176916769412e-110	4.20844474749361e-110	239.963384552786
TFDP3	-0.943244254607652	6.21066596015298	-25.7811259651182	9.5472945028702e-110	1.02659080676024e-109	239.061400409948
ATXN3	-0.651974649873463	4.72397742098902	-25.6776899716459	4.38314804175566e-109	4.66292344867623e-109	237.538268596974
RBBP4	1.60776543799404	9.50172737741487	24.9932766880987	1.02643103770267e-104	1.08045372389754e-104	227.483817280263
ZIM2	-1.32798479185667	7.26463537834352	-24.3893526347404	7.08549702566044e-101	7.3807260683963e-101	218.650741241678
ZNF593	1.50777922175675	8.17603610936029	24.1308281468193	3.0785186637146e-99	3.17373058114907e-99	214.882211528829
ZNF804A	-0.646591797375046	4.64154382652041	-22.6808426155335	4.01182350224896e-90	4.09369745127445e-90	193.913565575988
NHLH1	-0.760652199704736	7.80413054334291	-22.4916359436569	6.0602705383123e-89	6.12148539223465e-89	191.201324210477
EYA1	-1.12033400701507	6.47886252167207	-20.7083402718315	5.65366498278264e-78	5.65366498278264e-78	165.973324250299
