genesym	logFC	AveExpr	t	P.Value	adj.P.Val	B
HOXD1	-1.65042685414125	4.88848508961329	-48.3546250500118	1.85477156807252e-250	1.96605786215687e-248	563.155483863505
RBM26	-2.17551614284564	5.26780763534616	-48.1212768622982	4.11509273962796e-249	2.18099915200282e-247	560.056317483924
TBR1	-1.91985668146432	5.37054013210823	-48.0352697025031	1.29198863743383e-248	4.56502651893286e-247	558.912327574206
ELK4	-1.79048417227289	4.93334273113241	-44.8551767958103	5.75290666705628e-230	1.52452026676991e-228	515.976335127019
NLRP3	-1.40829750946653	4.69864816011081	-41.8330201203854	9.26476901371681e-212	1.96413103090796e-210	474.057199924183
ATXN3L	-2.14470050711682	5.20468236196702	-41.0609145848083	4.90200532287861e-207	8.6602094037522e-206	463.181955488474
ELL2	-1.50714165884142	5.83487756807848	-40.5614271860836	5.76803573494219e-204	8.73445411291245e-203	456.112267839991
PAX4	-1.16858953510959	4.79744449755061	-40.4623253125375	2.35308111836888e-203	3.11783248183877e-202	454.706442694763
MECOM	-1.90295252751181	6.04124263975826	-40.4448608920682	3.01501335866825e-203	3.5510157335426e-202	454.458591296415
DMD	-2.21625677774103	6.20216261465094	-39.2612464724691	6.41370077349612e-196	6.79852281990589e-195	437.587630595354
ZNF717	-2.00281483200546	5.85227441409734	-39.1512959766569	3.0970176594711e-195	2.98439883549033e-194	436.013238250235
BMP15	-2.0310588672042	6.3182854043399	-38.6097766332872	7.35221447571364e-192	6.49445612021371e-191	428.241923333399
ZNF695	-1.72694430117112	5.40676169769243	-37.0490623165696	4.58728502154919e-182	3.7404016329555e-181	405.691081304769
ISL1	-1.77825241404253	5.24540188313793	-36.9332539869489	2.46672267434448e-181	1.86766145343225e-180	404.009166435567
ZC3H13	-1.81956179207207	6.69852537809279	-34.4527881463444	1.41085233139097e-165	9.97002314182952e-165	367.733508578812
ING2	-1.84645693763512	5.85850897266029	-34.3009975265099	1.31782862883587e-164	8.73061466603763e-164	365.499645386632
NEUROD4	-1.71795411710412	6.14867048307441	-34.2433325323638	3.08082066267103e-164	1.92098229554782e-163	364.650632699733
IL1RL1	-1.61275666343186	5.84527285390997	-34.2381002716271	3.32762765232182e-164	1.95960295081174e-163	364.573587115512
SHOX	-1.52129828265891	6.57565314662993	-34.0778578727188	3.52759437992782e-163	1.96802633827552e-162	362.213204499713
SP4	-1.51994909814653	6.16921303564514	-33.6991750956444	9.40067063507738e-161	4.98235543659101e-160	356.629242266081
ZNF287	-1.57393308584114	6.52596601403376	-32.6675225309112	3.9647573271097e-154	2.00125846035061e-153	341.378621489872
TP63	-2.13037203593377	6.97917031849474	-32.5125121650277	3.94036767789483e-153	1.89854079025842e-152	339.082883054787
ZIC3	-1.49321699023096	5.85984952172105	-32.2230189797352	2.87906099258281e-151	1.32687158788599e-150	334.792825857813
DCC	-1.65684814261438	5.73676907653613	-32.0237834823191	5.52979427918238e-150	2.44232580663889e-149	331.838482820618
IKZF2	-1.25112192977041	6.20250692646821	-30.8039336465963	4.09651251261411e-142	1.73692130534838e-141	313.724108537878
CHD2	-1.18801492392443	6.8311389424182	-30.559574107314	1.55112698152106e-140	6.32382538620126e-140	310.09148798061
POU4F2	-1.13491323498324	5.18132410388748	-30.287920918879	8.82260452228465e-139	3.46368918282286e-138	306.052175712401
DMC1	-1.44261307121452	5.80259642601319	-29.944691705723	1.45679211208412e-136	5.51499871003276e-136	300.947621616446
ASF1A	-1.40584303539108	7.00042335187435	-29.8361576191292	7.32423732649028e-136	2.6771350227861e-135	299.333361388587
PSMD9	-1.40821577789211	7.01293575852675	-29.7864414859861	1.53476429428038e-135	5.42283383979067e-135	298.593908971897
PRDM5	-1.06812815442938	6.51233896909322	-29.7047907725363	5.17244046943092e-135	1.76864093470864e-134	297.379472279907
NEUROD2	-1.44324768066924	6.77292812359349	-29.5038140328941	1.02914004380517e-133	3.40902639510461e-133	294.390256289821
HMGA2	-1.62266170895327	6.09509902420379	-29.4709260529959	1.67882252144119e-133	5.39258143250805e-133	293.901108862259
ZNF280A	-1.04599444957071	6.77788640991001	-29.1883052388879	1.12533236246743e-131	3.50838913004551e-131	289.697900010668
NR1I2	-1.02066215575062	6.25869499484273	-29.0965398520231	4.40767960159395e-131	1.33489725076845e-130	288.333278706349
NR1H4	-1.2077357954346	5.78870983172255	-28.4971268493774	3.28155963177616e-127	9.66237002689646e-127	279.42241136756
KDM5D	-1.18209570351602	6.45862679589345	-28.358157703525	2.59026308871097e-126	7.42075371360441e-126	277.357468709321
VDR	-1.07834073936172	8.06182887808257	-28.0079809669567	4.71370674479908e-124	1.31487609197027e-123	272.156404819893
AEBP1	3.16524476857178	10.241009588533	27.8904903672217	2.69958615378082e-123	7.33733672566069e-123	270.412172817672
CHD5	-1.08783877029867	5.85325805918343	-27.7487591671219	2.21486630497158e-122	5.86939570817467e-122	268.308693508548
IAPP	-0.902729140429959	5.66154177401695	-27.6988901860681	4.64397081181947e-122	1.2006363562265e-121	267.568743242257
NR2E1	-1.25670055097131	6.26366266833621	-27.4071565911812	3.52440981869709e-120	8.8949390662355e-120	263.241988748902
TAAR5	-1.04775901065427	6.680347667927	-26.994308818183	1.60367896383979e-117	3.9532551201632e-117	257.125442492714
SRY	-1.12327294140929	6.05869805408967	-26.2226180069199	1.45470734768165e-112	3.50452224668762e-112	245.71769242142
ATF7	-0.997785145505815	5.85488387062416	-26.2146600040796	1.63612500165736e-112	3.85398333723733e-112	245.600249872984
TFDP3	-0.943244254607652	6.21066596015298	-25.7465971826221	1.63065239763277e-109	3.75759030758856e-109	238.700903903768
ASCL3	-1.31989988593491	7.06204801985566	-25.6575580416236	6.05261318138901e-109	1.36505744090901e-108	237.390391942442
DPF3	-0.9887520226427	7.00203832925573	-25.0524841572243	4.41271332852706e-105	9.74474193383059e-105	228.503149370113
HIST1H3E	-1.44923312513716	6.73465396416638	-25.0334547067493	5.83378653209299e-105	1.26200280082012e-104	228.224205247326
ZNF507	-1.72864300250663	6.67367982322616	-24.6563643771268	1.46312071102738e-102	3.10181590737804e-102	222.704269667626
GRM6	-1.38432014175188	6.76142288230131	-24.4695395229442	2.246839118534e-101	4.66990091303145e-101	219.975159322778
ZIM2	-1.32798479185667	7.26463537834352	-24.3715507784946	9.39934740507382e-101	1.91602081718812e-100	218.545340189465
NODAL	-1.30346859818577	7.17176462295497	-24.3350800558508	1.60067392858336e-100	3.20134785716671e-100	218.013457432226
NKX3-1	-1.07367489745963	6.80619197116666	-24.0489094607473	1.03775083201434e-98	2.03706644802815e-98	213.845556214374
CD80	-1.19603383993458	6.80852019502866	-24.014617683369	1.70965477247275e-98	3.29497101603839e-98	213.346797450031
TCF20	-1.22531195518067	6.96775670328963	-23.6400887953972	3.95052002676645e-96	7.47777005066507e-96	207.909419338674
SSX1	-1.74148210573428	7.10418337177073	-23.4455712053666	6.62331896645216e-95	1.23170493060338e-94	205.092964638989
ZNF215	-0.897802691830415	6.60689891871411	-22.7674761538617	1.17659918529132e-90	2.15033644208414e-90	195.318620161637
STAT4	-1.59747553386766	7.25393373865847	-22.5449997295956	2.87086765408039e-89	5.15783002258512e-89	192.127733451274
LHX3	-0.97025427596509	8.30583416294768	-22.1807482273802	5.26750163256814e-87	9.30591955087038e-87	186.921880540766
PHOX2B	-0.861620748637794	6.32899067912265	-21.9331748270592	1.79561657250656e-85	3.12025174894582e-85	183.39733819196
CBL	-0.863223358399957	6.36810108066238	-21.7788929227708	1.60979970049971e-84	2.75223819762854e-84	181.206816235491
EDA2R	-0.857091982038696	7.31535976429442	-21.6761237440023	6.92109013429058e-84	1.16450087973778e-83	179.750264477944
ZNF536	-1.06847336353251	6.52956476039284	-21.603153453671	1.94700780537794e-83	3.22473167765721e-83	178.717331308978
ERCC4	-1.13164632050802	7.73109590978214	-21.2227059233795	4.2046431991227e-81	6.8568027554924e-81	173.349625784509
HIST1H3J	-0.811337947628634	7.0644878467354	-20.9352018564968	2.39320328435325e-79	3.84362951729462e-79	169.31380954432
EYA1	-1.12033400701507	6.47886252167207	-20.6930907151813	7.09436457399874e-78	1.12239200722965e-77	165.929600917718
MCM6	1.61590049380391	9.13680861793159	19.0488127009178	4.78727685591434e-68	7.46251980480765e-68	143.335626898269
SSX2	-1.16237316810938	7.76236799013052	-18.5828744375943	2.5469025620764e-65	3.9126329214507e-65	137.071361900365
HAND1	-0.805399718739229	6.50630718612403	-18.5067686527945	7.05529964273706e-65	1.06837394590018e-64	136.054555048461
PSMC3	1.75828760460996	9.11767583696564	18.0957900963763	1.67567969376805e-62	2.50171897942836e-62	130.596010786367
IL22	-0.634947097221577	7.0370606079414	-16.8241958002386	2.59987703385369e-55	3.8275967442846e-55	114.078636598781
TULP2	-0.588895958990956	6.44366647828788	-16.8148146660173	2.93118105134349e-55	4.25623549921109e-55	113.959013714119
YLPM1	-0.780002609050528	7.90310312356473	-16.3382512444843	1.24005018645208e-52	1.77628810491784e-52	107.928173602198
FBN1	1.86385889749911	10.5776733440857	16.0334562711546	5.65270196725013e-51	7.98915211371352e-51	104.119780278861
SIRT6	-0.577296490695023	8.08106513749281	-15.4683800322819	6.05684278545258e-48	8.44770177971017e-48	97.1648144333158
HOXA11	-0.812908383802791	7.3884064691091	-15.2004279107325	1.57610051171184e-46	2.16969680833058e-46	93.9167753398174
RUNX1T1	-0.706291069757161	7.49353636078822	-14.5519161617481	3.6560388667766e-43	4.96846307536307e-43	86.1954905050767
AKAP8L	0.847981132613497	6.95208605022165	14.5086485047217	6.08731242272813e-43	8.16778628872381e-43	85.6876054230247
ZNF611	1.02417378260555	8.24954633351469	14.3021613793512	6.84783002011989e-42	9.07337477665886e-42	83.2767031797643
TAF6L	-0.657141464417446	6.24540169975354	-14.1779982840591	2.90502129005232e-41	3.80163279932772e-41	81.8373824175503
CD5	-0.546785763872082	8.33903386978719	-13.8484176065939	1.29560399271836e-39	1.67480516131886e-39	78.0554360562354
EPN1	0.785745092758374	7.54797936241964	13.7928617373405	2.44388779723163e-39	3.12110971694642e-39	77.4235432734863
PROP1	-0.688434850704648	6.94143914678325	-13.7471233261949	4.11583395737476e-39	5.19379047002053e-39	76.9045456371853
FARSA	1.26033609656188	8.05899231103518	13.7375179157767	4.59132220047206e-39	5.72564886176515e-39	76.7956939888623
APBB2	-0.712028881826778	7.06781937297406	-13.6059228954885	2.04304484052839e-38	2.51817154762802e-38	75.3093993274377
TCF15	0.864745019615364	7.2746075236166	13.2179582296185	1.57804633949344e-36	1.92267714926786e-36	70.982469584376
ZNF835	-0.604571089674125	7.63893165498374	-12.8318262827775	1.0993738730186e-34	1.32424580159058e-34	66.759622185967
MYCL1	-0.644952333637269	6.11879132849047	-12.7307827634343	3.29131363709301e-34	3.91999152282988e-34	65.66870786456
BMP6	-0.627299151870833	6.69070399047273	-12.5756850241562	1.75135115088975e-33	2.06270246660348e-33	64.00580671795
TOP2A	1.75698720729729	7.48517795397031	12.2895444775997	3.68735440717075e-32	4.29516007868241e-32	60.9753651435486
THRB	-0.50966481352688	7.24056498818408	-11.6769975302302	2.12595739240612e-29	2.44947264777226e-29	54.6560766409997
IGHM	2.27047774610233	9.55340398138433	11.546795000885	7.96877887393436e-29	9.0826942003983e-29	53.3431872211527
PRDM14	-0.479018987377142	7.4196232607615	-10.756615281222	1.91550894458909e-25	2.16004200134515e-25	45.6126602068981
PKNOX2	-0.379522794855127	6.87436247945713	-10.6305525584215	6.38418189830281e-25	7.12340296021156e-25	44.4180094631552
ZNF721	0.906475109110481	9.51631488312614	10.4401721986163	3.85309899911953e-24	4.25446347819448e-24	42.6345421088265
DUX4	0.526986750605243	7.75519937343186	8.94186848875657	2.20093080846965e-18	2.4051408834823e-18	29.5043191910987
MLL4	0.424393788184527	5.5013206272126	8.85184848572431	4.63195421632709e-18	5.01007292786399e-18	28.7686127303627
ZNF160	0.689750280977002	8.99920787856012	8.21663824007506	7.40732676363568e-16	7.93107714086244e-16	23.7563690496026
POGZ	0.498535921198278	5.5431924844223	6.90686047284715	9.46871420651777e-12	1.00368370589088e-11	14.4496523825611
HCLS1	0.49155815607853	8.39661248030429	5.21698532182817	2.26680436249473e-07	2.379022400242e-07	4.61310571897739
GTF2H3	0.330045111026459	7.55231156066026	4.96790199793191	8.12512574435379e-07	8.44375812648531e-07	3.37973356528678
MBTD1	0.174538527720197	4.74589475541618	4.5098252844554	7.36255972831981e-06	7.57700321555243e-06	1.26097367394985
PTTG1	0.380292356850285	9.51546947758471	3.76526234474104	0.000177377772112035	0.00018078888311419	-1.76342379982267
DUX1	-0.11575468995747	8.16663529369248	-2.60129013787639	0.00944267676809661	0.00953260702303087	-5.42861670654647
DIP2A	-0.0103705917038077	9.30710614439069	-0.23464128268793	0.814541520959769	0.814541520959769	-8.77459436484961
